0,278
53,4
53,3
53,2
53,1
53,0
52,3
52,2
52,1
52,0
51,3
51,2
51,1
51,0
34,2
34,4
34,1
34,3
45,4
45,1
45,3
50,4
50,3
50,2
50,1
50,0
46,1
46,3
0,273
0,270
47,3
26,1
26,3
3,2
3,1
3,3
10,283
10,83
10,33
10,303
10,211
10,121
10,181
10,1
10,29
10,2
10,3
11,7
11,9
11,21
11,17
11,5
11,1
11,19
11,2
11,3
9,7
9,1
9,5
9,2
9,3
8,7
8,18
8,16
8,12
8,1
8,15
8,2
8,3
12,2
12,1
12,3
21,3
20,2
21,2
20,1
21,1
20,3
21,0
7,13
7,12
7,11
7,10
7,9
7,8
7,7
7,6
7,1
19,2
19,1
7,5
19,3
7,4
6,7
6,6
6,5
6,1
6,4
4,88
4,87
4,86
4,85
4,84
4,83
4,82
4,81
4,80
4,79
4,78
4,77
4,76
4,75
4,74
4,73
4,72
4,71
4,70
4,69
